//! Quantization tables and quality settings.
//!
//! This module provides:
//! - Standard JPEG quantization tables
//! - jpegli's enhanced quantization matrices
//! - Quality parameter handling (traditional and butteraugli distance)
//! - Adaptive quantization support

#![allow(dead_code)] // Quality conversion tables and reference implementations

// Adaptive quantization submodule
pub mod aq;

// Quality conversion between encoders
pub mod quality_conversion;

use crate::foundation::consts::{
    BASE_QUANT_MATRIX_STD, BASE_QUANT_MATRIX_XYB, BASE_QUANT_MATRIX_YCBCR, DCT_BLOCK_SIZE,
    GLOBAL_SCALE_XYB, GLOBAL_SCALE_YCBCR,
};
use crate::types::ColorSpace;

// Use the public Quality type from encoder_types
pub use crate::encode::encoder_types::Quality;

// Re-export QuantTable from types
pub use crate::types::QuantTable;

/// Per-frequency scaling exponents for non-linear quality scaling.
/// Low frequencies (top-left) use lower exponents for more aggressive scaling,
/// while high frequencies (bottom-right) use 1.0 for linear scaling.
/// From C++ jpegli quant.cc
pub const FREQUENCY_EXPONENT: [f32; DCT_BLOCK_SIZE] = [
    1.00, 0.51, 0.67, 0.74, 1.00, 1.00, 1.00, 1.00, 0.51, 0.66, 0.69, 0.87, 1.00, 1.00, 1.00, 1.00,
    0.67, 0.69, 0.84, 0.83, 0.96, 1.00, 1.00, 1.00, 0.74, 0.87, 0.83, 1.00, 1.00, 0.91, 0.91, 1.00,
    1.00, 1.00, 0.96, 1.00, 1.00, 1.00, 1.00, 1.00, 1.00, 1.00, 1.00, 0.91, 1.00, 1.00, 1.00, 1.00,
    1.00, 1.00, 1.00, 0.91, 1.00, 1.00, 1.00, 1.00, 1.00, 1.00, 1.00, 1.00, 1.00, 1.00, 1.00, 1.00,
];

/// Optimized global scale for butteraugli-targeted encoding (4:2:0).
///
/// CMA-ES optimized for best butteraugli Pareto distance.
/// Trained on low-bpp regime (q30/40/50) which generalizes well across q25-99.
/// Holdout: +0.46 mean Pareto, 76% wins across q1-100.
pub(crate) const OPTIMIZED_GLOBAL_SCALE: f32 = 5.608994;

/// Optimized per-frequency exponents for butteraugli-targeted encoding (4:2:0).
#[rustfmt::skip]
pub(crate) const OPTIMIZED_FREQUENCY_EXPONENT: [f32; DCT_BLOCK_SIZE] = [
    0.9290, 0.5055, 0.4091, 0.0500, 1.3343, 0.0500, 0.0500, 0.0500,
    0.5531, 0.0500, 0.0500, 0.0500, 0.0500, 1.0335, 0.0500, 1.6398,
    0.0895, 0.0500, 0.0500, 0.0500, 2.6858, 0.7470, 3.0000, 2.7968,
    0.6324, 0.8227, 0.0500, 0.5614, 2.8141, 0.7772, 2.7403, 1.1628,
    0.9265, 0.6416, 0.6685, 1.7116, 1.2055, 0.0500, 0.0500, 0.0500,
    3.0000, 1.7208, 0.2617, 1.5779, 2.7802, 0.1632, 0.1763, 0.0500,
    2.7568, 1.1736, 3.0000, 0.0500, 3.0000, 1.2260, 0.1728, 2.4492,
    1.4469, 1.8568, 3.0000, 1.0191, 3.0000, 2.2444, 2.5550, 1.2293,
];

/// Optimized global scale for 4:4:4 subsampling (butteraugli-targeted).
/// Holdout: +0.39 mean Pareto, 72% wins across q1-100.
pub(crate) const OPTIMIZED_GLOBAL_SCALE_444: f32 = 5.101017;

/// Optimized per-frequency exponents for 4:4:4 subsampling.
#[rustfmt::skip]
pub(crate) const OPTIMIZED_FREQUENCY_EXPONENT_444: [f32; DCT_BLOCK_SIZE] = [
    0.6889, 0.0500, 0.0500, 0.0500, 0.5657, 1.0443, 1.0567, 0.0500,
    0.0500, 0.0500, 0.0500, 0.0500, 0.6979, 3.0000, 0.0500, 3.0000,
    0.0500, 0.0500, 0.0500, 0.0500, 3.0000, 1.0125, 3.0000, 3.0000,
    0.0500, 0.0500, 0.7163, 0.0500, 3.0000, 0.1199, 0.0500, 0.6991,
    0.6625, 1.0193, 2.2532, 0.1774, 0.0500, 0.9991, 0.0500, 0.0563,
    3.0000, 0.8432, 0.0500, 0.0500, 0.0500, 3.0000, 3.0000, 0.0500,
    2.9523, 0.0500, 3.0000, 0.0500, 3.0000, 0.4255, 0.0500, 2.5996,
    2.5691, 3.0000, 3.0000, 0.0500, 2.1383, 1.7501, 3.0000, 2.7979,
];

/// Distance threshold where non-linear scaling kicks in.
pub const DIST_THRESHOLD: f32 = 1.5;

/// Maximum quantization value for baseline JPEG (8-bit DQT tables).
pub const QUANT_MAX_BASELINE: u16 = 255;

/// Maximum quantization value for extended JPEG (16-bit DQT tables).
/// Uses 32767 (not 65535) because values are used in signed arithmetic during
/// DCT coefficient division.
pub const QUANT_MAX_EXTENDED: u16 = 32767;

/// Creates a QuantTable from raw values, clamping and setting precision appropriately.
///
/// If `allow_16bit` is true, values are clamped to 32767 and precision is set to
/// 16-bit if any value > 255. If false, values are clamped to 255 (8-bit precision).
#[must_use]
pub fn create_quant_table(values: [u16; DCT_BLOCK_SIZE], allow_16bit: bool) -> QuantTable {
    let quant_max = if allow_16bit {
        QUANT_MAX_EXTENDED
    } else {
        QUANT_MAX_BASELINE
    };

    let mut clamped = [0u16; DCT_BLOCK_SIZE];
    let mut max_value = 0u16;

    for (i, &v) in values.iter().enumerate() {
        let val = v.clamp(1, quant_max);
        clamped[i] = val;
        max_value = max_value.max(val);
    }

    // Use 16-bit precision if any value exceeds 255 and 16-bit is allowed
    let precision = if max_value > QUANT_MAX_BASELINE && allow_16bit {
        1
    } else {
        0
    };

    QuantTable {
        values: clamped,
        precision,
    }
}

/// Distance thresholds for zero-bias blending between HQ and LQ tables.
const DIST_HQ: f32 = 1.0;
const DIST_LQ: f32 = 3.0;

/// Zero-bias multiplier table for YCbCr at low quality (distance >= 3.0).
/// 3 components × 64 coefficients = 192 values.
/// From C++ jpegli quant.cc kZeroBiasMulYCbCrLQ
#[rustfmt::skip]
pub const ZERO_BIAS_MUL_YCBCR_LQ: [f32; 192] = [
    // c = 0 (Y)
    0.0000, 0.0568, 0.3880, 0.6190, 0.6190, 0.4490, 0.4490, 0.6187,
    0.0568, 0.5829, 0.6189, 0.6190, 0.6190, 0.7190, 0.6190, 0.6189,
    0.3880, 0.6189, 0.6190, 0.6190, 0.6190, 0.6190, 0.6187, 0.6100,
    0.6190, 0.6190, 0.6190, 0.6190, 0.5890, 0.3839, 0.7160, 0.6190,
    0.6190, 0.6190, 0.6190, 0.5890, 0.6190, 0.3880, 0.5860, 0.4790,
    0.4490, 0.7190, 0.6190, 0.3839, 0.3880, 0.6190, 0.6190, 0.6190,
    0.4490, 0.6190, 0.6187, 0.7160, 0.5860, 0.6190, 0.6204, 0.6190,
    0.6187, 0.6189, 0.6100, 0.6190, 0.4790, 0.6190, 0.6190, 0.3480,
    // c = 1 (Cb)
    0.0000, 1.1640, 0.9373, 1.1319, 0.8016, 0.9136, 1.1530, 0.9430,
    1.1640, 0.9188, 0.9160, 1.1980, 1.1830, 0.9758, 0.9430, 0.9430,
    0.9373, 0.9160, 0.8430, 1.1720, 0.7083, 0.9430, 0.9430, 0.9430,
    1.1319, 1.1980, 1.1720, 1.1490, 0.8547, 0.9430, 0.9430, 0.9430,
    0.8016, 1.1830, 0.7083, 0.8547, 0.9430, 0.9430, 0.9430, 0.9430,
    0.9136, 0.9758, 0.9430, 0.9430, 0.9430, 0.9430, 0.9430, 0.9430,
    1.1530, 0.9430, 0.9430, 0.9430, 0.9430, 0.9430, 0.9430, 0.9480,
    0.9430, 0.9430, 0.9430, 0.9430, 0.9430, 0.9430, 0.9480, 0.9430,
    // c = 2 (Cr)
    0.0000, 1.3190, 0.4308, 0.4460, 0.0661, 0.0660, 0.2660, 0.2960,
    1.3190, 0.3280, 0.3093, 0.0750, 0.0505, 0.1594, 0.3060, 0.2113,
    0.4308, 0.3093, 0.3060, 0.1182, 0.0500, 0.3060, 0.3915, 0.2426,
    0.4460, 0.0750, 0.1182, 0.0512, 0.0500, 0.2130, 0.3930, 0.1590,
    0.0661, 0.0505, 0.0500, 0.0500, 0.3055, 0.3360, 0.5148, 0.5403,
    0.0660, 0.1594, 0.3060, 0.2130, 0.3360, 0.5060, 0.5874, 0.3060,
    0.2660, 0.3060, 0.3915, 0.3930, 0.5148, 0.5874, 0.3060, 0.3060,
    0.2960, 0.2113, 0.2426, 0.1590, 0.5403, 0.3060, 0.3060, 0.3060,
];

/// Zero-bias multiplier table for YCbCr at high quality (distance <= 1.0).
/// 3 components × 64 coefficients = 192 values.
/// From C++ jpegli quant.cc kZeroBiasMulYCbCrHQ
#[rustfmt::skip]
pub const ZERO_BIAS_MUL_YCBCR_HQ: [f32; 192] = [
    // c = 0 (Y)
    0.0000, 0.0044, 0.2521, 0.6547, 0.8161, 0.6130, 0.8841, 0.8155,
    0.0044, 0.6831, 0.6553, 0.6295, 0.7848, 0.7843, 0.8474, 0.7836,
    0.2521, 0.6553, 0.7834, 0.7829, 0.8161, 0.8072, 0.7743, 0.9242,
    0.6547, 0.6295, 0.7829, 0.8654, 0.7829, 0.6986, 0.7818, 0.7726,
    0.8161, 0.7848, 0.8161, 0.7829, 0.7471, 0.7827, 0.7843, 0.7653,
    0.6130, 0.7843, 0.8072, 0.6986, 0.7827, 0.7848, 0.9508, 0.7653,
    0.8841, 0.8474, 0.7743, 0.7818, 0.7843, 0.9508, 0.7839, 0.8437,
    0.8155, 0.7836, 0.9242, 0.7726, 0.7653, 0.7653, 0.8437, 0.7819,
    // c = 1 (Cb)
    0.0000, 1.0816, 1.0556, 1.2876, 1.1554, 1.1567, 1.8851, 0.5488,
    1.0816, 1.1537, 1.1850, 1.0712, 1.1671, 2.0719, 1.0544, 1.4764,
    1.0556, 1.1850, 1.2870, 1.1981, 1.8181, 1.2618, 1.0564, 1.1191,
    1.2876, 1.0712, 1.1981, 1.4753, 2.0609, 1.0564, 1.2645, 1.0564,
    1.1554, 1.1671, 1.8181, 2.0609, 0.7324, 1.1163, 0.8464, 1.0564,
    1.1567, 2.0719, 1.2618, 1.0564, 1.1163, 1.0040, 1.0564, 1.0564,
    1.8851, 1.0544, 1.0564, 1.2645, 0.8464, 1.0564, 1.0564, 1.0564,
    0.5488, 1.4764, 1.1191, 1.0564, 1.0564, 1.0564, 1.0564, 1.0564,
    // c = 2 (Cr)
    0.0000, 0.5392, 0.6659, 0.8968, 0.6829, 0.6328, 0.5802, 0.4836,
    0.5392, 0.6746, 0.6760, 0.6102, 0.6015, 0.6958, 0.7327, 0.4897,
    0.6659, 0.6760, 0.6957, 0.6543, 0.4396, 0.6330, 0.7081, 0.2583,
    0.8968, 0.6102, 0.6543, 0.5913, 0.6457, 0.5828, 0.5139, 0.3565,
    0.6829, 0.6015, 0.4396, 0.6457, 0.5633, 0.4263, 0.6371, 0.5949,
    0.6328, 0.6958, 0.6330, 0.5828, 0.4263, 0.2847, 0.2909, 0.6629,
    0.5802, 0.7327, 0.7081, 0.5139, 0.6371, 0.2909, 0.6644, 0.6644,
    0.4836, 0.4897, 0.2583, 0.3565, 0.5949, 0.6629, 0.6644, 0.6644,
];

/// Zero-bias offset for DC coefficients (per component).
/// From C++ jpegli quant.cc kZeroBiasOffsetYCbCrDC
pub const ZERO_BIAS_OFFSET_YCBCR_DC: [f32; 3] = [0.0, 0.0, 0.0];

/// Zero-bias offset for AC coefficients (per component).
/// From C++ jpegli quant.cc kZeroBiasOffsetYCbCrAC
pub const ZERO_BIAS_OFFSET_YCBCR_AC: [f32; 3] = [0.59082, 0.58146, 0.57988];

/// XYB zero-bias multiplier (flat, same for all components, all AC coefficients).
///
/// C++ jpegli uses 0.5 for all AC coefficients in XYB mode (no quality blending).
/// DC coefficients use 0.0. Superseded by v3 frequency-dependent tables below.
pub const ZERO_BIAS_MUL_XYB: f32 = 0.5;

/// XYB zero-bias offset (flat, same for all components, all AC coefficients).
///
/// C++ jpegli uses 0.5 for all AC coefficients in XYB mode.
/// DC coefficients use 0.0.
pub const ZERO_BIAS_OFFSET_XYB: f32 = 0.5;

/// XYB zero-bias multiplier table at high quality (distance <= 1.0).
/// 3 components × 64 coefficients = 192 values. Component order: X, Y, B.
///
/// Frequency-dependent, per-component tables tuned via SSIMULACRA2 sweep on
/// CID22 corpus. DC-adjacent coefficients have very low mul (preserve detail),
/// high-frequency coefficients have moderate mul (zero noise). See
/// docs/EXPLORE_PERCEPTUAL_LOOPS.md for methodology and results.
///
/// Validated on both SSIMULACRA2 and butteraugli metrics (dual-metric).
/// +0.76 SSIM2 at Q75, +0.68 at Q85, +0.14 at Q95 vs flat 0.5 baseline.
#[rustfmt::skip]
pub const ZERO_BIAS_MUL_XYB_HQ: [f32; 192] = [
    // c = 0 (X: red-green difference, chroma-like, least sensitive)
    0.00, 0.05, 0.20, 0.35, 0.42, 0.45, 0.48, 0.50,
    0.05, 0.25, 0.38, 0.42, 0.45, 0.48, 0.50, 0.50,
    0.20, 0.38, 0.45, 0.48, 0.50, 0.50, 0.52, 0.52,
    0.35, 0.42, 0.48, 0.50, 0.50, 0.52, 0.52, 0.55,
    0.42, 0.45, 0.50, 0.50, 0.52, 0.55, 0.55, 0.55,
    0.45, 0.48, 0.50, 0.52, 0.55, 0.55, 0.55, 0.55,
    0.48, 0.50, 0.52, 0.52, 0.55, 0.55, 0.55, 0.58,
    0.50, 0.50, 0.52, 0.55, 0.55, 0.55, 0.58, 0.58,
    // c = 1 (Y: luma, most sensitive — DC-adjacent must be very low)
    0.00, 0.01, 0.08, 0.20, 0.30, 0.35, 0.38, 0.40,
    0.01, 0.15, 0.25, 0.32, 0.35, 0.38, 0.40, 0.42,
    0.08, 0.25, 0.35, 0.38, 0.40, 0.42, 0.44, 0.45,
    0.20, 0.32, 0.38, 0.42, 0.44, 0.45, 0.46, 0.48,
    0.30, 0.35, 0.40, 0.44, 0.45, 0.46, 0.48, 0.48,
    0.35, 0.38, 0.42, 0.45, 0.46, 0.48, 0.48, 0.50,
    0.38, 0.40, 0.44, 0.46, 0.48, 0.48, 0.50, 0.50,
    0.40, 0.42, 0.45, 0.48, 0.48, 0.50, 0.50, 0.50,
    // c = 2 (B: blue-yellow, subsampled, least sensitive)
    0.00, 0.10, 0.30, 0.42, 0.48, 0.50, 0.52, 0.55,
    0.10, 0.35, 0.45, 0.48, 0.50, 0.52, 0.55, 0.55,
    0.30, 0.45, 0.50, 0.52, 0.55, 0.55, 0.58, 0.58,
    0.42, 0.48, 0.52, 0.55, 0.55, 0.58, 0.58, 0.60,
    0.48, 0.50, 0.55, 0.55, 0.58, 0.58, 0.60, 0.60,
    0.50, 0.52, 0.55, 0.58, 0.58, 0.60, 0.60, 0.62,
    0.52, 0.55, 0.58, 0.58, 0.60, 0.60, 0.62, 0.62,
    0.55, 0.55, 0.58, 0.60, 0.60, 0.62, 0.62, 0.65,
];

/// XYB zero-bias multiplier table at low quality (distance >= 3.0).
/// 3 components × 64 coefficients = 192 values. Component order: X, Y, B.
///
/// More aggressive zeroing at low quality to remove noise. High-frequency
/// coefficients pushed well above 0.5 baseline (0.65-0.88 range).
#[rustfmt::skip]
pub const ZERO_BIAS_MUL_XYB_LQ: [f32; 192] = [
    // c = 0 (X)
    0.00, 0.08, 0.28, 0.45, 0.52, 0.55, 0.58, 0.60,
    0.08, 0.35, 0.48, 0.52, 0.55, 0.58, 0.60, 0.62,
    0.28, 0.48, 0.55, 0.58, 0.60, 0.62, 0.62, 0.65,
    0.45, 0.52, 0.58, 0.60, 0.62, 0.65, 0.65, 0.68,
    0.52, 0.55, 0.60, 0.62, 0.65, 0.65, 0.68, 0.68,
    0.55, 0.58, 0.62, 0.65, 0.65, 0.68, 0.68, 0.70,
    0.58, 0.60, 0.62, 0.65, 0.68, 0.68, 0.70, 0.70,
    0.60, 0.62, 0.65, 0.68, 0.68, 0.70, 0.70, 0.72,
    // c = 1 (Y)
    0.00, 0.05, 0.25, 0.45, 0.55, 0.58, 0.62, 0.65,
    0.05, 0.35, 0.48, 0.55, 0.58, 0.62, 0.65, 0.68,
    0.25, 0.48, 0.55, 0.58, 0.62, 0.65, 0.68, 0.70,
    0.45, 0.55, 0.58, 0.62, 0.65, 0.68, 0.70, 0.72,
    0.55, 0.58, 0.62, 0.65, 0.68, 0.70, 0.72, 0.75,
    0.58, 0.62, 0.65, 0.68, 0.70, 0.72, 0.75, 0.75,
    0.62, 0.65, 0.68, 0.70, 0.72, 0.75, 0.75, 0.78,
    0.65, 0.68, 0.70, 0.72, 0.75, 0.75, 0.78, 0.78,
    // c = 2 (B)
    0.00, 0.15, 0.40, 0.55, 0.62, 0.68, 0.72, 0.75,
    0.15, 0.45, 0.58, 0.62, 0.68, 0.72, 0.75, 0.78,
    0.40, 0.58, 0.65, 0.68, 0.72, 0.75, 0.78, 0.80,
    0.55, 0.62, 0.68, 0.72, 0.75, 0.78, 0.80, 0.82,
    0.62, 0.68, 0.72, 0.75, 0.78, 0.80, 0.82, 0.85,
    0.68, 0.72, 0.75, 0.78, 0.80, 0.82, 0.85, 0.85,
    0.72, 0.75, 0.78, 0.80, 0.82, 0.85, 0.85, 0.88,
    0.75, 0.78, 0.80, 0.82, 0.85, 0.85, 0.88, 0.88,
];

/// XYB zero-bias AC offsets (per component: X, Y, B).
///
/// Tuned alongside the v3 mul tables. Y channel uses slightly lower offset
/// (0.48) to preserve more luma detail. B uses higher (0.55) since it's
/// subsampled and less sensitive.
pub const ZERO_BIAS_OFFSET_XYB_AC: [f32; 3] = [0.50, 0.48, 0.55];

/// Zero-bias parameters for a single DCT block.
///
/// Zero-bias controls how coefficients are rounded toward zero during quantization.
/// A higher multiplier means more aggressive zeroing of small coefficients.
#[derive(Debug, Clone)]
pub struct ZeroBiasParams {
    /// Multiplier per coefficient (64 values)
    pub mul: [f32; DCT_BLOCK_SIZE],
    /// Offset per coefficient (64 values)
    pub offset: [f32; DCT_BLOCK_SIZE],
}

impl Default for ZeroBiasParams {
    fn default() -> Self {
        // Default: all zeros (matches C++ when adaptive quantization is disabled)
        // When AQ is off, C++ sets zero_bias_mul and zero_bias_offset to 0
        // This means no coefficients are biased toward zero based on threshold
        Self {
            mul: [0.0; DCT_BLOCK_SIZE],
            offset: [0.0; DCT_BLOCK_SIZE],
        }
    }
}

impl ZeroBiasParams {
    /// Compute zero-bias parameters for YCbCr color space.
    ///
    /// Blends between HQ and LQ tables based on butteraugli distance.
    /// - distance <= 1.0: Use HQ table
    /// - distance >= 3.0: Use LQ table
    /// - 1.0 < distance < 3.0: Linear blend
    ///
    /// # Arguments
    /// * `distance` - Butteraugli distance (quality parameter)
    /// * `component` - Component index (0=Y, 1=Cb, 2=Cr)
    #[must_use]
    pub fn for_ycbcr(distance: f32, component: usize) -> Self {
        let c = component.min(2);

        // Compute blend factor
        let mix_lq = ((distance - DIST_HQ) / (DIST_LQ - DIST_HQ)).clamp(0.0, 1.0);
        let mix_hq = 1.0 - mix_lq;

        let mut mul = [0.0f32; DCT_BLOCK_SIZE];
        let mut offset = [0.0f32; DCT_BLOCK_SIZE];

        for k in 0..DCT_BLOCK_SIZE {
            let lq = ZERO_BIAS_MUL_YCBCR_LQ[c * DCT_BLOCK_SIZE + k];
            let hq = ZERO_BIAS_MUL_YCBCR_HQ[c * DCT_BLOCK_SIZE + k];
            mul[k] = mix_lq * lq + mix_hq * hq;

            offset[k] = if k == 0 {
                ZERO_BIAS_OFFSET_YCBCR_DC[c]
            } else {
                ZERO_BIAS_OFFSET_YCBCR_AC[c]
            };
        }

        Self { mul, offset }
    }

    /// Compute zero-bias parameters for non-adaptive quantization (simpler default).
    ///
    /// For YCbCr, applies only the offsets without the multiplier blending.
    #[must_use]
    pub fn for_ycbcr_simple(component: usize) -> Self {
        let c = component.min(2);

        let mul = [0.0f32; DCT_BLOCK_SIZE]; // Not used in simple mode

        let mut offset = [0.0f32; DCT_BLOCK_SIZE];
        for k in 0..DCT_BLOCK_SIZE {
            offset[k] = if k == 0 {
                ZERO_BIAS_OFFSET_YCBCR_DC[c]
            } else {
                ZERO_BIAS_OFFSET_YCBCR_AC[c]
            };
        }

        Self { mul, offset }
    }

    /// Compute zero-bias parameters for XYB color space with quality blending.
    ///
    /// Uses frequency-dependent, per-component tables (v3) that blend between
    /// HQ and LQ based on distance, matching the YCbCr quality-adaptive pattern.
    ///
    /// Validated on CID22 corpus: +0.76 SSIM2 at Q75, +0.68 at Q85 vs flat 0.5.
    /// Dual-metric validated (both SSIMULACRA2 and butteraugli).
    ///
    /// # Arguments
    /// * `distance` - Butteraugli distance (quality parameter)
    /// * `component` - Component index (0=X, 1=Y, 2=B)
    #[must_use]
    pub fn for_xyb(distance: f32, component: usize) -> Self {
        let c = component.min(2);

        // Quality blending: same thresholds as YCbCr
        let mix_lq = ((distance - DIST_HQ) / (DIST_LQ - DIST_HQ)).clamp(0.0, 1.0);
        let mix_hq = 1.0 - mix_lq;

        let mut mul = [0.0f32; DCT_BLOCK_SIZE];
        let mut offset = [0.0f32; DCT_BLOCK_SIZE];

        for k in 0..DCT_BLOCK_SIZE {
            let hq = ZERO_BIAS_MUL_XYB_HQ[c * DCT_BLOCK_SIZE + k];
            let lq = ZERO_BIAS_MUL_XYB_LQ[c * DCT_BLOCK_SIZE + k];
            mul[k] = mix_hq * hq + mix_lq * lq;

            offset[k] = if k == 0 {
                0.0
            } else {
                ZERO_BIAS_OFFSET_XYB_AC[c]
            };
        }

        Self { mul, offset }
    }

    /// Compute zero-bias parameters for XYB color space (flat 0.5 baseline).
    ///
    /// This is the original C++ jpegli behavior: uniform 0.5 for all AC
    /// coefficients, no quality blending. Superseded by `for_xyb()` which
    /// uses frequency-dependent tables, but kept for comparison/testing.
    #[must_use]
    pub fn for_xyb_flat() -> Self {
        let mut mul = [ZERO_BIAS_MUL_XYB; DCT_BLOCK_SIZE];
        let mut offset = [ZERO_BIAS_OFFSET_XYB; DCT_BLOCK_SIZE];

        // DC coefficient uses 0.0 for both mul and offset
        mul[0] = 0.0;
        offset[0] = 0.0;

        Self { mul, offset }
    }

    /// Apply zero-bias to a coefficient before quantization.
    ///
    /// This adjusts the rounding behavior to favor zeroing small coefficients.
    #[inline]
    #[must_use]
    pub fn apply(&self, coeff: f32, k: usize, quant: f32) -> f32 {
        let threshold = (self.mul[k] + self.offset[k]) * quant;
        if coeff.abs() < threshold { 0.0 } else { coeff }
    }
}

/// Converts butteraugli distance to a per-frequency scale factor.
///
/// This implements jpegli's non-linear quality scaling. At low distances
/// (high quality), scaling is linear. Above DIST_THRESHOLD, scaling becomes
/// non-linear based on the frequency-dependent exponent.
///
/// # Arguments
/// * `distance` - Butteraugli distance (quality parameter)
/// * `freq_idx` - DCT frequency index (0-63, in zigzag order)
///
/// # Returns
/// Scale factor for quantization
#[inline]
#[must_use]
pub fn distance_to_scale(distance: f32, freq_idx: usize) -> f32 {
    if distance < DIST_THRESHOLD {
        return distance;
    }
    let exp = FREQUENCY_EXPONENT[freq_idx];
    let mul = DIST_THRESHOLD.powf(1.0 - exp);
    (0.5 * distance).max(mul * distance.powf(exp))
}

/// Inverse of distance_to_scale - converts scale back to distance.
#[inline]
#[must_use]
pub fn scale_to_distance(scale: f32, freq_idx: usize) -> f32 {
    if scale < DIST_THRESHOLD {
        return scale;
    }
    let exp = 1.0 / FREQUENCY_EXPONENT[freq_idx];
    let mul = DIST_THRESHOLD.powf(1.0 - exp);
    (2.0 * scale).min(mul * scale.powf(exp))
}

/// Infers the butteraugli distance from quantization table values.
///
/// This matches C++ jpegli's `QuantValsToDistance` function.
/// It finds the distance that would produce the given quant tables
/// when using jpegli's quantization formula.
///
/// This is used to compute zero-bias parameters appropriate for the
/// actual quant values, rather than the input distance (which may differ
/// at extreme quality levels where values are clamped to 1).
#[must_use]
pub fn quant_vals_to_distance(
    y_quant: &QuantTable,
    cb_quant: &QuantTable,
    cr_quant: &QuantTable,
) -> f32 {
    use crate::foundation::consts::{BASE_QUANT_MATRIX_YCBCR, GLOBAL_SCALE_YCBCR};

    const DIST_MAX: f32 = 10000.0;

    let global_scale = GLOBAL_SCALE_YCBCR;

    // Determine quant_max based on table precision (matches C++ force_baseline logic)
    // If any table uses 16-bit precision, use extended range
    let is_extended = y_quant.precision > 0 || cb_quant.precision > 0 || cr_quant.precision > 0;
    let quant_max = if is_extended {
        QUANT_MAX_EXTENDED
    } else {
        QUANT_MAX_BASELINE
    };

    let mut dist_min = 0.0f32;
    let mut dist_max = DIST_MAX;

    // Process all three components
    let quant_tables = [y_quant, cb_quant, cr_quant];

    for (c, quant) in quant_tables.iter().enumerate() {
        let base_idx = c * DCT_BLOCK_SIZE;
        let base_qm = &BASE_QUANT_MATRIX_YCBCR[base_idx..base_idx + DCT_BLOCK_SIZE];

        for k in 0..DCT_BLOCK_SIZE {
            let mut dmin = 0.0f32;
            let mut dmax = DIST_MAX;
            let invq = 1.0 / base_qm[k] / global_scale;
            let qval = quant.values[k];

            if qval > 1 {
                let scale_min = (qval as f32 - 0.5) * invq;
                dmin = scale_to_distance(scale_min, k);
            }
            if qval < quant_max {
                let scale_max = (qval as f32 + 0.5) * invq;
                dmax = scale_to_distance(scale_max, k);
            }

            if dmin <= dist_max {
                dist_min = dist_min.max(dmin);
            }
            if dmax >= dist_min {
                dist_max = dist_max.min(dmax);
            }
        }
    }

    // Return the appropriate distance
    if dist_min == 0.0 {
        dist_max
    } else if dist_max >= DIST_MAX {
        dist_min
    } else {
        0.5 * (dist_min + dist_max)
    }
}

/// Standard JPEG luminance quantization table.
/// From ITU-T T.81 (1992) K.1
pub const STD_LUMINANCE_QUANT: [u16; DCT_BLOCK_SIZE] = [
    16, 11, 10, 16, 24, 40, 51, 61, 12, 12, 14, 19, 26, 58, 60, 55, 14, 13, 16, 24, 40, 57, 69, 56,
    14, 17, 22, 29, 51, 87, 80, 62, 18, 22, 37, 56, 68, 109, 103, 77, 24, 35, 55, 64, 81, 104, 113,
    92, 49, 64, 78, 87, 103, 121, 120, 101, 72, 92, 95, 98, 112, 100, 103, 99,
];

/// Standard JPEG chrominance quantization table.
/// From ITU-T T.81 (1992) K.2
pub const STD_CHROMINANCE_QUANT: [u16; DCT_BLOCK_SIZE] = [
    17, 18, 24, 47, 99, 99, 99, 99, 18, 21, 26, 66, 99, 99, 99, 99, 24, 26, 56, 99, 99, 99, 99, 99,
    47, 66, 99, 99, 99, 99, 99, 99, 99, 99, 99, 99, 99, 99, 99, 99, 99, 99, 99, 99, 99, 99, 99, 99,
    99, 99, 99, 99, 99, 99, 99, 99, 99, 99, 99, 99, 99, 99, 99, 99,
];

// Old internal Quality enum removed - now using crate::encode::encoder_types::Quality

/// Generates a quantization table for the given quality and component.
///
/// # Arguments
/// * `quality` - Quality setting
/// * `component` - Component index (0 = Y/luma, 1+ = chroma)
/// * `color_space` - Color space being used
/// * `use_xyb` - Whether to use XYB-optimized tables
/// * `is_420` - Whether 4:2:0 chroma subsampling is used (applies quality compensation)
#[must_use]
pub fn generate_quant_table(
    quality: Quality,
    component: usize,
    color_space: ColorSpace,
    use_xyb: bool,
    is_420: bool,
) -> QuantTable {
    generate_quant_table_ex(quality, component, color_space, use_xyb, is_420, true)
}

/// Generates a quantization table with 16-bit control.
///
/// Like `generate_quant_table` but with explicit control over 16-bit table support.
///
/// # Arguments
/// * `allow_16bit` - If true, allow values up to 32767 (16-bit). If false, clamp to 255 (8-bit).
#[must_use]
pub fn generate_quant_table_ex(
    quality: Quality,
    component: usize,
    color_space: ColorSpace,
    use_xyb: bool,
    is_420: bool,
    allow_16bit: bool,
) -> QuantTable {
    let distance = quality.to_distance();

    if use_xyb {
        generate_xyb_quant_table(distance, component, allow_16bit)
    } else {
        generate_standard_quant_table(distance, component, color_space, is_420, allow_16bit)
    }
}

/// Generates a quantization table using jpegli's XYB-optimized matrices.
///
/// Uses per-frequency non-linear scaling via `distance_to_scale()` for
/// better quality at the same file size compared to linear scaling.
fn generate_xyb_quant_table(distance: f32, component: usize, allow_16bit: bool) -> QuantTable {
    let mut values = [0u16; DCT_BLOCK_SIZE];

    // Select the appropriate base matrix row
    let base_idx = component.min(2) * DCT_BLOCK_SIZE;
    let base = &BASE_QUANT_MATRIX_XYB[base_idx..base_idx + DCT_BLOCK_SIZE];

    for (i, &base_val) in base.iter().enumerate() {
        // Apply per-frequency non-linear scaling
        let scale = distance_to_scale(distance, i) * GLOBAL_SCALE_XYB;
        let q = (base_val * scale).round();
        // Store unclamped value - create_quant_table will handle clamping and precision
        values[i] = q as u16;
    }

    create_quant_table(values, allow_16bit)
}

/// Generates a quantization table using standard or YCbCr matrices.
///
/// Uses per-frequency non-linear scaling via `distance_to_scale()` for
/// better quality at the same file size compared to linear scaling.
fn generate_standard_quant_table(
    distance: f32,
    component: usize,
    color_space: ColorSpace,
    is_420: bool,
    allow_16bit: bool,
) -> QuantTable {
    use crate::foundation::consts::{GLOBAL_SCALE_420, K420_RESCALE};

    let mut values = [0u16; DCT_BLOCK_SIZE];

    // Choose base matrix based on color space
    let (base, mut global_scale) = if color_space == ColorSpace::YCbCr {
        let base_idx = component.min(2) * DCT_BLOCK_SIZE;
        (
            &BASE_QUANT_MATRIX_YCBCR[base_idx..base_idx + DCT_BLOCK_SIZE],
            GLOBAL_SCALE_YCBCR,
        )
    } else {
        // Use standard JPEG tables
        let base_idx = if component == 0 { 0 } else { DCT_BLOCK_SIZE };
        (
            &BASE_QUANT_MATRIX_STD[base_idx..base_idx + DCT_BLOCK_SIZE],
            1.0,
        )
    };

    // Apply 4:2:0 global quality compensation (like C++ jpegli)
    // This makes quant tables 22% larger for ALL components
    if is_420 && color_space == ColorSpace::YCbCr {
        global_scale *= GLOBAL_SCALE_420;
    }

    // Check if we need per-frequency chroma rescale for 4:2:0
    let is_chroma_420 = is_420 && color_space == ColorSpace::YCbCr && component > 0;

    for (i, &base_val) in base.iter().enumerate() {
        // Apply per-frequency non-linear scaling
        let mut scale = distance_to_scale(distance, i) * global_scale;

        // Apply additional per-frequency rescale for chroma in 4:2:0 mode
        // This reduces chroma quantization to preserve color fidelity
        if is_chroma_420 {
            scale *= K420_RESCALE[i];
        }

        let q = (base_val * scale).round();
        // Store unclamped value - create_quant_table will handle clamping and precision
        values[i] = q as u16;
    }

    create_quant_table(values, allow_16bit)
}

/// Generates a standard JPEG quantization table scaled by quality factor.
///
/// # Arguments
/// * `quality` - Quality 1-100 (100 = best)
/// * `is_chrominance` - True for Cb/Cr tables, false for Y
#[must_use]
pub fn generate_standard_jpeg_table(quality: f32, is_chrominance: bool) -> QuantTable {
    generate_standard_jpeg_table_ex(quality, is_chrominance, true)
}

/// Generates a standard JPEG quantization table with 16-bit control.
///
/// Like `generate_standard_jpeg_table` but with explicit control over 16-bit table support.
///
/// # Arguments
/// * `quality` - Quality 1-100 (100 = best)
/// * `is_chrominance` - True for Cb/Cr tables, false for Y
/// * `allow_16bit` - If true, allow values up to 32767 (16-bit). If false, clamp to 255 (8-bit).
#[must_use]
pub fn generate_standard_jpeg_table_ex(
    quality: f32,
    is_chrominance: bool,
    allow_16bit: bool,
) -> QuantTable {
    let base_table = if is_chrominance {
        &STD_CHROMINANCE_QUANT
    } else {
        &STD_LUMINANCE_QUANT
    };

    // Standard JPEG quality scaling
    let quality = quality.clamp(1.0, 100.0);
    let scale = if quality < 50.0 {
        5000.0 / quality
    } else {
        200.0 - quality * 2.0
    };

    let mut values = [0u16; DCT_BLOCK_SIZE];
    for (i, &base) in base_table.iter().enumerate() {
        let q = ((base as f32 * scale + 50.0) / 100.0).round();
        // Store unclamped value - create_quant_table will handle clamping and precision
        values[i] = q as u16;
    }

    create_quant_table(values, allow_16bit)
}

/// Quantizes a DCT coefficient using the given quantization value.
/// DCT uses 1/64 scaling (matching C++), so multiply by 8/quant.
#[inline]
#[must_use]
pub fn quantize(coeff: f32, quant: u16) -> i16 {
    let q = quant as f32;
    (coeff * 8.0 / q).round() as i16
}

/// Dequantizes a coefficient.
#[inline]
#[must_use]
pub fn dequantize(quantized: i16, quant: u16) -> f32 {
    quantized as f32 * quant as f32
}

/// Quantizes a block of DCT coefficients (SIMD-optimized).
#[inline]
pub fn quantize_block(
    coeffs: &[f32; DCT_BLOCK_SIZE],
    quant: &[u16; DCT_BLOCK_SIZE],
) -> [i16; DCT_BLOCK_SIZE] {
    use wide::f32x8;

    let mut result = [0i16; DCT_BLOCK_SIZE];

    // Process 8 coefficients at a time
    for chunk in 0..8 {
        let k = chunk * 8;

        // Load coefficients directly from slice
        let c = f32x8::from(<[f32; 8]>::try_from(&coeffs[k..k + 8]).unwrap());

        // Load quant values (must convert u16 to f32)
        let q = f32x8::from([
            quant[k] as f32,
            quant[k + 1] as f32,
            quant[k + 2] as f32,
            quant[k + 3] as f32,
            quant[k + 4] as f32,
            quant[k + 5] as f32,
            quant[k + 6] as f32,
            quant[k + 7] as f32,
        ]);

        // DCT uses 1/64 scaling (matching C++), so multiply by 8/quant
        let eight = f32x8::splat(8.0);
        let qval = c * eight / q;
        let rounded = qval.round();
        let arr: [f32; 8] = rounded.into();

        // Store results (must convert f32 to i16)
        for i in 0..8 {
            result[k + i] = arr[i] as i16;
        }
    }

    result
}

/// Quantizes a block of DCT coefficients with zero-biasing.
///
/// This matches C++ jpegli's quantization behavior where small coefficients
/// are biased toward zero to improve compression.
///
/// The threshold is: `offset + mul * aq_strength`
/// - If `|coeff/quant| >= threshold`: round normally
/// - Else: set to 0
///
/// For non-adaptive quantization, use aq_strength = 0.0
/// Counter for debugging zero-bias effectiveness
#[cfg(debug_assertions)]
#[allow(dead_code)] // Used for manual debugging - print stats at end of encoding
static ZERO_BIAS_DEBUG: std::sync::atomic::AtomicUsize = std::sync::atomic::AtomicUsize::new(0);
#[cfg(debug_assertions)]
#[allow(dead_code)] // Used for manual debugging - print stats at end of encoding
static ZERO_BIAS_ZEROS: std::sync::atomic::AtomicUsize = std::sync::atomic::AtomicUsize::new(0);

#[inline]
pub fn quantize_block_with_zero_bias(
    coeffs: &[f32; DCT_BLOCK_SIZE],
    quant: &[u16; DCT_BLOCK_SIZE],
    zero_bias: &ZeroBiasParams,
    aq_strength: f32,
) -> [i16; DCT_BLOCK_SIZE] {
    let mut result = [0i16; DCT_BLOCK_SIZE];

    for k in 0..DCT_BLOCK_SIZE {
        let q = quant[k] as f32;
        // DCT uses 1/64 scaling (matching C++), so multiply by 8/quant
        let qval = coeffs[k] * 8.0 / q;

        let threshold = zero_bias.offset[k] + zero_bias.mul[k] * aq_strength;

        if qval.abs() >= threshold {
            result[k] = qval.round() as i16;
        }
        // else result[k] stays 0
    }
    result
}

/// SIMD-optimized quantization with zero-biasing.
///
/// Processes 8 coefficients at a time using f32x8.
#[inline(always)]
pub fn quantize_block_with_zero_bias_simd(
    coeffs: &[f32; DCT_BLOCK_SIZE],
    quant: &[u16; DCT_BLOCK_SIZE],
    zero_bias: &ZeroBiasParams,
    aq_strength: f32,
) -> [i16; DCT_BLOCK_SIZE] {
    use wide::f32x8;

    let mut result = [0i16; DCT_BLOCK_SIZE];
    let aq = f32x8::splat(aq_strength);

    // Process 8 coefficients at a time
    for chunk in 0..8 {
        let k = chunk * 8;

        // Load coefficients directly from slice
        let c = f32x8::from(<[f32; 8]>::try_from(&coeffs[k..k + 8]).unwrap());

        // Load quant values (must convert u16 to f32)
        let q = f32x8::from([
            quant[k] as f32,
            quant[k + 1] as f32,
            quant[k + 2] as f32,
            quant[k + 3] as f32,
            quant[k + 4] as f32,
            quant[k + 5] as f32,
            quant[k + 6] as f32,
            quant[k + 7] as f32,
        ]);

        // DCT uses 1/64 scaling (matching C++), so multiply by 8/quant
        let eight = f32x8::splat(8.0);
        let qval = c * eight / q;

        // Load zero_bias offset and mul directly from slices
        let offset = f32x8::from(<[f32; 8]>::try_from(&zero_bias.offset[k..k + 8]).unwrap());
        let mul = f32x8::from(<[f32; 8]>::try_from(&zero_bias.mul[k..k + 8]).unwrap());

        // threshold = offset + mul * aq_strength
        let threshold = offset + mul * aq;

        // |qval| >= threshold
        let abs_qval = qval.abs();

        // Convert to arrays for conditional processing
        let qval_arr: [f32; 8] = qval.into();
        let abs_arr: [f32; 8] = abs_qval.into();
        let thresh_arr: [f32; 8] = threshold.into();

        for i in 0..8 {
            if abs_arr[i] >= thresh_arr[i] {
                result[k + i] = qval_arr[i].round() as i16;
            }
        }
    }

    result
}

/// Alternative: compare with simple quantization
pub fn quantize_block_compare(
    coeffs: &[f32; DCT_BLOCK_SIZE],
    quant: &[u16; DCT_BLOCK_SIZE],
    zero_bias: &ZeroBiasParams,
    aq_strength: f32,
) -> ([i16; DCT_BLOCK_SIZE], usize) {
    let mut result = [0i16; DCT_BLOCK_SIZE];
    let mut zeros_from_bias = 0usize;
    for k in 0..DCT_BLOCK_SIZE {
        let q = quant[k] as f32;
        // DCT uses 1/64 scaling (matching C++), so multiply by 8/quant
        let qval = coeffs[k] * 8.0 / q;
        let simple_result = qval.round() as i16;
        let threshold = zero_bias.offset[k] + zero_bias.mul[k] * aq_strength;

        if qval.abs() >= threshold {
            result[k] = simple_result;
        } else {
            // Would have been non-zero without zero-biasing
            if simple_result != 0 {
                zeros_from_bias += 1;
            }
        }
    }
    (result, zeros_from_bias)
}

/// Dequantizes a block of coefficients to i32 for integer IDCT.
///
/// This is the fast path for standard (non-XYB) JPEG decoding.
/// Output is suitable for `idct_int::idct_int_auto()`.
#[inline]
pub fn dequantize_block_i32(
    quantized: &[i16; DCT_BLOCK_SIZE],
    quant: &[u16; DCT_BLOCK_SIZE],
) -> [i32; DCT_BLOCK_SIZE] {
    let mut result = [0i32; DCT_BLOCK_SIZE];
    for k in 0..DCT_BLOCK_SIZE {
        result[k] = quantized[k] as i32 * quant[k] as i32;
    }
    result
}

/// Partial dequantize + unzigzag: only processes the first `coeff_count` zigzag
/// positions. Remaining positions are zero. For typical Q85 photos, most blocks
/// have 10-15 non-zero coefficients, saving 75-85% of multiply work.
///
/// Uses natural-order iteration with sequential writes for cache efficiency.
/// Coefficients beyond coeff_count are zero in the input (guaranteed by
/// entropy decoder), so multiplying them by quant produces zero — same result
/// as partial iteration without the zeroing overhead.
#[inline(always)]
pub fn dequantize_unzigzag_i32_partial(
    zigzag_coeffs: &[i16; DCT_BLOCK_SIZE],
    quant_natural: &[u16; DCT_BLOCK_SIZE],
    _coeff_count: u8,
) -> [i32; DCT_BLOCK_SIZE] {
    use crate::foundation::consts::JPEG_ZIGZAG_ORDER;

    // Iterate in natural (raster) order: sequential writes to result,
    // sequential reads from quant_natural, gathered reads from zigzag_coeffs.
    // Every position is written so zeroing is redundant, but the compiler
    // may not eliminate it without MaybeUninit (which requires unsafe).
    let mut result = [0i32; DCT_BLOCK_SIZE];
    for natural_idx in 0..DCT_BLOCK_SIZE {
        // Mask with 63 to prove zigzag_idx < 64 to the compiler,
        // eliminating bounds checks. All JPEG_ZIGZAG_ORDER values are 0-63
        // so the mask is a no-op for correctness.
        let zigzag_idx = (JPEG_ZIGZAG_ORDER[natural_idx] & 63) as usize;
        result[natural_idx] = zigzag_coeffs[zigzag_idx] as i32 * quant_natural[natural_idx] as i32;
    }

    result
}

/// Dequantize + unzigzag into an existing buffer (full overwrite).
///
/// Writes every position in natural order, so no pre-zeroing is needed.
/// Coefficients beyond coeff_count are zero in zigzag_coeffs (entropy
/// decoder invariant), producing zero after multiply.
///
/// Only processes zigzag positions 0..coeff_count, zeroing the rest.
/// For typical JPEG blocks where most high-frequency coefficients are zero,
/// this saves significant work vs processing all 64 positions.
#[inline(always)]
pub fn dequantize_unzigzag_i32_into_partial(
    zigzag_coeffs: &[i16; DCT_BLOCK_SIZE],
    quant_natural: &[u16; DCT_BLOCK_SIZE],
    result: &mut [i32; DCT_BLOCK_SIZE],
    coeff_count: u8,
) {
    use crate::foundation::consts::JPEG_NATURAL_ORDER;

    let count = (coeff_count as usize).min(DCT_BLOCK_SIZE);

    // When coeff_count < 64, zero the buffer so unwritten positions are 0.
    // When coeff_count == 64, the loop below writes ALL 64 natural-order positions
    // (JPEG_NATURAL_ORDER is a permutation of 0..63), so zeroing is redundant.
    // This matters for progressive decode where IDCT dirties the reused buffer.
    if count < DCT_BLOCK_SIZE {
        *result = [0i32; DCT_BLOCK_SIZE];
    }

    for zigzag_idx in 0..count {
        let natural_idx = (JPEG_NATURAL_ORDER[zigzag_idx] & 63) as usize;
        result[natural_idx] = zigzag_coeffs[zigzag_idx] as i32 * quant_natural[natural_idx] as i32;
    }
}

/// Dequantizes a block of coefficients (SIMD-optimized).
pub fn dequantize_block(
    quantized: &[i16; DCT_BLOCK_SIZE],
    quant: &[u16; DCT_BLOCK_SIZE],
) -> [f32; DCT_BLOCK_SIZE] {
    use wide::f32x8;

    let mut result = [0.0f32; DCT_BLOCK_SIZE];

    // Process 8 coefficients at a time
    for chunk in 0..8 {
        let k = chunk * 8;

        // Load quantized values and convert to f32
        let q = f32x8::from([
            quantized[k] as f32,
            quantized[k + 1] as f32,
            quantized[k + 2] as f32,
            quantized[k + 3] as f32,
            quantized[k + 4] as f32,
            quantized[k + 5] as f32,
            quantized[k + 6] as f32,
            quantized[k + 7] as f32,
        ]);

        // Load quant table values and convert to f32
        let qt = f32x8::from([
            quant[k] as f32,
            quant[k + 1] as f32,
            quant[k + 2] as f32,
            quant[k + 3] as f32,
            quant[k + 4] as f32,
            quant[k + 5] as f32,
            quant[k + 6] as f32,
            quant[k + 7] as f32,
        ]);

        // Multiply to get dequantized values
        let dq = q * qt;
        let arr: [f32; 8] = dq.into();
        result[k..k + 8].copy_from_slice(&arr);
    }

    result
}

/// Dequantizes a block of coefficients with optimal Laplacian biases.
///
